1
7606256588180251
912750790581631
8486115458380561
3009610714890781
9398866248962191
1767940720495951
9374197308676201
2680691511077581
11816687654411641
6340182910921861
12729438444993271
7220041781122171
1743537037632391
8132792571703801
501867043237561
8108123631417811
1414617833819191
5486319268119691
9814524629911
6399070058701321
889673394830221
8495929983010471
1802424185411851
7254259988615641
1777755245125861
8167010779197271
8951363016405811
3474858272916031
9864113806987441
4354717143116341
11960973731296591
5267467933697971
10719303736901761
5242798993411981
11632054527483391
7685289339147421
2208784595657641
8598040129729051
3088643465857951
10694900054038201
4001394256439581
9453230059643371
3976725316153591
10365980850225001
1354920952855471
8961177541035721
2267671743437101
9841036411236031
4364531667746251
10753787201817661
3122861673351421
10729118261531671
4035612463933051
6197097472896331
720592729406551
7109848263477961
1600451599606861
9206708187787111
2513202390188491
7965038193392281
2488533449902501
8877788983973911
4931023795637941
12537280383818191
5843774586219571
334377922348471
7940634510528721
1247128712930101
6698964516133891
1222459772644111
7611715306715521
11683416741016021
6206911997526241
12596167531597651
7086770867726551
1610266124236771
7999521658308181
368596129841941
7974852718022191
1281346920423571
2012732512564621
9618989100744871
2925483303146251
10498847970945181
5022343227455401
11411598761526811
3780673233060571
11386929821240821
4693424023642201
746658835306231
8352915423486481
1659409625887861
9232774293686791
3756269550197011
10145525084268421
2514599555802181
10120856143982431
3427350346383811
7499051780684311
2022547037194531
8411802571265941
2902405907394841
10508662495575091
3815156697976471
9266992501180261
3790487757690481
10179743291761891
10964095528970431
5487590785480651
11876846319552061
6367449655680961
890944912191181
7280200446262591
12732036249466381
7255531505976601
562025708377981
9698021851712041
4221517108222261
10610772642293671
5101375978422571
12707632566602821
6014126769004201
11465962572207991
5989457828718211
12378713362789621
3367653465420091
10973910053600341
4280404256001721
11853768923800651
6377264180310871
12766519714382281
5135594185916041
12741850774096291
6048344976497671
8209829985460951
2733325241971171
9122580776042581
3613184112171481
11219440700351731
4525934902753111
9977770705956901
4501265962467121
10890521496538531
6943756308202561
1467251564712781
7856507098784191
2347110434913091
9953367023093341
3259861225494721
8711697028698511
3235192285208731
9624447819280141
613387921910611
8219644510090861
1526138712492241
9099503380291171
3622998636801391
10012254170872801
2381328642406561
9987585230586811
3294079432988191
8050930050258481
2574425306768701
8963680840840111
3454284176969011
11060540765149261
4367034967550641
9818870770754431
4342366027264651
10731621561336061
6784856373000091
1308351629510311
7697607163581721
2188210499710621
9794467087890871
3100961290292251
8552797093496041
3076292350006261
9465547884077671
454487986708141
8060744574888391
1367238777289771
8940603445088701
3464098701598921
9853354235670331
2222428707204091
9828685295384341
3135179497785721
3919531734994261
11525788323174511
4832282525575891
12405647193374821
6929142449885041
235636652286421
5687472455490211
210967712000431
6600223246071841
2653458057735871
10259714645916121
3566208848317501
11139573516116431
5663068772626651
12052324306698061
4421398778231821
12027655366412071
5334149568813451
9405851003113951
3929346259624171
10318601793695581
4809205129824481
12415461718004731
5721955920406111
11173791723609901
5697286980120121
12086542514191531
1165266191484781
8771522779665031
2078016982066411
9651381649865341
4174876906375561
10564132440446971
2933206911980731
10539463500160981
3845957702562361
12981953845896421
7505449102406641
811943304808021
8385307972606951
2908803229117171
9298058763188581
1667133234722341
9273389822902591
2579884025303971
6651585459604471
1175080716114691
7564336250186101
2054939586315001
9661196174495251
2967690376896631
8419526180100421
2943021436610641
9332276970682051
5606897713572871
130392970083091
6519648504154501
1010251840283401
8616508428463651
1923002630865031
7374838434068821
1898333690579041
8287589224650451
4340824036314481
11947080624494731
5253574826896111
12826939494695041
7350434751205261
656928953606641
6108764756810431
632260013320651
7021515547392061
11093216981692561
5616712238202781
12005967772274191
6496571108403091
1020066364913311
7409321898984721
12861157702188511
7384652958698731
691147161100111
1475499398308651
9081755986488901
2388250188890281
9961614856689211
4485110113199431
10874365647270841
3243440118804601
10849696706984851
4156190909386231
209425721050261
7815682309230511
1122176511631891
8695541179430821
3219036435941041
9608291970012451
1977366441546211
9583623029726461
2890117232127841
6961818666428341
1485313922938561
7874569457009971
2365172793138871
9971429381319121
3277923583720501
8729759386924291
3253254643434511
9642510177505921
11803995186469201
6327490442979421
12716745977050831
7207349313179731
1730844569689951
8120100103761361
489174575295121
8095431163475371
1401925365876751
10537921509210811
5061416765721031
11450672299792441
5941275635921341
464770892431561
6854026426502971
12305862229706761
6829357486216981
135851688618361
4207553122918861
11813809711099111
5120303913500491
12693668581299421
7217163837809641
523658040211021
5975493843414811
498989099925031
6888244633996441
7619630226137491
2143125482647711
8532381016719121
3022984352848021
10629240941028271
3935735143429651
9387570946633441
3911066203143661
10300321737215071
6353556548879101
877051805389321
7266307339460731
1756910675589631
9363167263769881
2669661466171261
8121497269375051
2644992525885271
9034248059956681
23188162587151
7629444750767401
935938953168781
8509303620967711
3032798877477931
9422054411549341
1791128883083101
9397385471263351
2703879673664731
3488231910873271
11094488499053521
4400982701454901
11974347369253831
6497842625764051
12887098159835461
5256172631369221
12862429219549471
6168923421950851
2222158233614881
9828414821795131
3134909024196511
10708273691995441
5231768948505661
11621024482577071
3990098954110831
11596355542291081
4902849744692461
8974551178992961
3498046435503181
9887301969574591
4377905305703491
11984161893883741
5290656096285121
10742491899488911
5265987155999131
11655242690070541
733966367363791
8340222955544041
1646717157945421
9220081825744351
3743577082254571
10132832616325981
2501907087859741
10108163676039991
3414657878441371
12550654021775431
7074149278285651
380643480687031
7954008148485961
2477503404996181
8866758939067591
1235833410601351
8842089998781601
2148584201182981
6220285635483481
743780891993701
7133036426065111
1623639762194011
9229896350374261
2536390552775641
7988226355979431
2511721612489651
8900977146561061
575066432161321
8181323020341571
1487817222742951
9061181890541881
3584677147052101
9973932681123511
2343007152657271
9949263740837521
3255757943238901
12391754086572961
6915249343083181
221743545484561
7795108213283491
2318603469793711
8707859003865121
1076933475398881
8683190063579131
1989684265980511
6061385700281011
584880956791231
6974136490862641
1464739826991541
9070996415171791
2377490617573171
7829326420776961
2352821677287181
8742077211358591
9526429448567131
4049924705077351
10439180239148761
4929783575277661
12536040163457911
5842534365859291
11294370169063081
5817865425573301
12207120959644711
8260355771308741
2783851027818961
9173106561890371
3663709898019271
11269966486199521
4576460688600901
10028296491804691
4551791748314911
10941047282386321
1929987385016791
9536243973197041
2842738175598421
10416102843397351
4939598099907571
11328853633978981
3697928105512741
11304184693692991
4610678896094371
6772163905057651
1295659161567871
7684914695639281
2175518031768181
9781774619948431
3088268822349811
8540104625553601
3063599882063821
9452855416135231
5506090227799261
29585484309481
6418841018380891
909444354509791
8515700942690041
1822195145091421
7274030948295211
1797526204805431
8186781738876841
12258483173177341
6781978429687561
88472632088941
7661837299887871
2185332556398091
8574588090469501
943662562003261
8549919150183511
1856413352584891
3737931809048581
11344188397228831
4650682599630211
12224047267429141
6747542523939361
54036726340741
5505872529544531
29367786054751
6418623320126161
2471858131790191
10078114719970441
3384608922371821
10957973590170751
5481468846680971
11870724380752381
4239798852286141
11846055440466391
5152549642867771
9224251077168271
3747746333678491
10137001867749901
4627605203878801
12233861792059051
5540355994460431
10992191797664221
5515687054174441
11904942588245851
12689294825454391
7212790081964611
519284284365991
8092648952164921
2616144208675141
9005399742746551
1374474214280311
8980730802460561
2287225004861941
11423221148196001
5946716404706221
12335971938777631
6826575274906531
1350070531416751
7739326065488161
108400537021921
7714657125202171
1021151327603551
5092852761904051
12699109350084301
6005603552485681
496206888614581
8102463476794831
1408957679196211
6860793482400001
1384288738910221
7773544272981631
9935029281944911
4458524538455131
10847780072526541
5338383408655441
12944639996835691
6251134199237071
11702970002440861
6226465258951081
12615720793022491
8668955604686521
3192450861196741
9581706395268151
4072309731397051
11678566319577301
4985060521978681
10436896325182471
4960391581692691
11349647115764101
2338587218394571
9944843806574821
3251338008976201
10824702676775131
5348197933285351
11737453467356761
4106527938890521
11712784527070771
5019278729472151
5750664321613201
274159578123421
6663415112194831
1154018448323731
8760275036503981
2066769238905361
7518605042109151
2042100298619371
8431355832690781
4484590644354811
12090847232535061
5397341434936441
12970706102735371
7494201359245591
800695561646971
6252531364850761
776026621360981
7165282155432391
11236983589732891
5760478846243111
12149734380314521
6640337716443421
1163832972953641
7553088507025051
13004924310228841
7528419566739061
834913769140441
1619266006348981
9225522594529231
2532016796930611
10105381464729541
4628876721239761
11018132255311171
3387206726844931
10993463315025181
4299957517426561
353192329090591
7959448917270841
1265943119672221
8839307787471151
3362803043981371
9752058578052781
2121133049586541
9727389637766791
3033883840168171
7105585274468671
1629080530978891
8018336065050301
2508939401179201
10115195989359451
3421690191760831
8873525994964621
3397021251474841
9786276785546251
11947761794509531
6471257051019751
12860512585091161
7351115921220061
1874611177730281
8263866711801691
632941183335451
8239197771515701
1545691973917081
10681688117251141
5205183373761361
11594438907832771
6085042243961671
608537500471891
6997793034543301
12449628837747091
6973124094257311
279618296658691
4351319730959191
11957576319139441
5264070521540821
12837435189339751
7360930445849971
667424648251351
6119260451455141
642755707965361
7032011242036771
11788861859307061
6312357115817281
12701612649888691
7192215986017591
1715711242527811
8104966776599221
474041248132981
8080297836313231
1386792038714611
10522788182048671
5046283438558891
11435538972630301
5926142308759201
449637565269421
6838893099340831
12290728902544621
6814224159054841
120718361456221
4192419795756721
11798676383936971
5105170586338351
12678535254137281
7202030510647501
508524713048881
5960360516252671
483855772762891
6873111306834301
7657463544042841
2180958800553061
8570214334624471
3060817670753371
10667074258933621
3973568461335001
9425404264538791
3948899521049011
10338155055120421
6391389866784451
914885123294671
7304140657366081
1794743993494981
9401000581675231
2707494784076611
8159330587280401
2682825843790621
9072081377862031
61021480492501
7667278068672751
973772271074131
8547136938873061
3070632195383281
9459887729454691
1828962200988451
9435218789168701
2741712991570081
4903198000533361
12509454588713611
5815948791114991
306552127243891
7912808715424141
1219302917825521
6671138721029311
1194633977539531
7583889511610941
3637124323274971
11243380911455221
4549875113856601
12123239781655531
6646735038165751
13035990572237161
5405065043770921
13011321631951171
6317815834352551
10389517268653051
4913012525163271
11302268059234681
5792871395363581
316366651873801
6705622185945211
12157457989149001
6680953245659221
13070208779730631
